101111001101011000001011000111100011101011110100101010010001110
101011101010100101000001101000010000110001110100010011101011111
111110110101100101110001010101011110001010000010111110011011010
111110011010011100000001110010101010011001000111001001100001011
100100000100000100000110011110100111101110010000000001101010001
100010110111110110110100000010100000011010001000011100100111001
001011110110010000010001000000101110001001000110111110010010110
001000100000111100101101110101101101111100111100110100011001001
111101011000010010000000000100101011110001000101101101100000010
011111011101111101011010010011110011111001110000111110111111000
011000110000010001110001111011100001110110111010101000101001011
001110101000101111110110010110000111111011001101110101101100100
100011000100100011001010100100010000100110100001111110101111110
010000010010111000011001110010111110011010001110111010111010001
100101101101100111001010011010010000010110000110010101101100101
110111100100011001011111001110001010000010110010111010110101111
010010000011011010011011101010010011111110000101000111001000001
010001111011011110101111011110001101010111010001000111010101111
001101100100100100111011011100110001101011000010100001100101110
010110011110111000010101011110111100001110110110111100001110101
